25
20 15
1 2 1 1 5 2 5 4 4 1 1 3 2 4 4 5 1 2 1 1
4 0
4 1 1
3 2 5 4
1 0
2 2 5 1
4 3 3 1 5
5 2 1 1
5 2 5 2
5 0
1 0
3 1 3
5 1 3
3 2 5 5
3 2 4 3
5 2 4 2
1 15
2
2 2 3 3
1 1 2
2 4 1 3 3 3
2 2 2 3
1 2 1 3
3 1 3
1 0
2 0
3 1 1
3 2 1 3
3 0
1 2 2 3
3 1 2
2 2 1 3
2 0
1 1
2
1 3 1 2 3
2 20
3 2
2 1 4
4 2 2 3
3 4 1 2 3 2
3 2 1 4
4 5 1 1 3 2 3
1 2 3 4
2 1 3
4 0
3 1 3
1 1 4
4 1 2
2 2 1 4
3 1 4
3 2 3 2
3 0
1 1 2
2 3 1 3 1
4 0
1 5 3 3 3 2 1
4 1 2
1 20
2
3 1 3
1 4 1 1 3 3
2 2 3 2
2 4 1 2 3 3
3 1 3
1 1 3
1 2 3 1
2 0
2 1 3
2 0
3 2 3 3
2 0
3 1 3
3 1 1
1 0
1 2 2 3
3 1 3
3 2 3 1
1 2 3 2
3 1 1
1 1
2
2 3 1 2 3
2 10
4 4
5 3 1 3 2
5 2 6 5
2 2 4 5
4 3 6 1 1
4 2 6 1
1 1 5
4 1 4
4 2 5 5
6 2 4 6
2 1 2
3 3
1 1 1
1 0
1 0
1 0
3 20
3 2 3
1 2 2 2
3 1 3
2 3 2 2 2
1 0
3 3 2 1 2
1 0
2 5 2 1 2 2 1
1 1 2
3 3 1 3 2
1 0
1 0
1 2 3 2
2 1 1
3 2 3 2
3 2 1 3
3 1 2
2 0
1 1 3
1 0
3 0
1 1
2
1 1 1
3 10
1 1 2
2 2 2 1
2 1 1
2 2 2 1
2 0
1 0
1 1 1
2 2 2 1
2 3 1 1 2
2 2 2 1
2 1 2
1 20
14
17 2 1 14
5 1 17
8 2 3 5
6 2 1 8
9 1 6
1 1 9
7 1 1
19 1 7
18 2 17 19
2 1 18
16 1 2
20 3 9 16 19
11 1 20
13 1 11
12 2 4 13
4 1 12
10 1 4
15 1 10
3 1 15
14 3 7 3 5
1 20
3
3 4 3 4 4 1
1 1 3
4 0
4 2 1 2
2 0
2 1 4
4 2 2 1
3 1 4
4 0
2 2 2 4
4 2 4 4
2 1 3
2 2 2 3
1 0
2 1 2
1 2 3 4
3 0
4 1 2
3 1 2
1 1 2
2 13
2 2
2 1 2
2 0
2 0
2 1 2
2 0
2 2 2 2
2 1 2
2 3 2 2 2
2 0
2 0
2 1 2
2 0
2 1 2
2 9
13 13
13 1 13
13 1 13
13 0
13 1 13
13 0
13 1 13
13 1 13
13 2 13 13
13 0
1 2
2
2 0
2 1 2
2 15
3 2
3 2 2 1
2 0
2 3 2 3 1
2 2 2 1
1 2 1 3
3 2 3 2
2 2 3 3
3 2 3 1
2 3 2 3 3
2 0
3 0
3 0
3 1 3
1 2 3 2
2 2 3 1
4 20
8 19 16 20
2 2 18 10
17 1 19
5 5 17 19 10 16 2
12 1 16
7 2 9 14
14 1 1
18 1 3
1 2 4 9
9 3 5 12 18
15 1 7
19 1 11
16 1 4
6 2 8 13
8 2 12 17
4 3 4 5 18
3 1 12
13 2 10 8
20 2 5 6
11 2 14 18
10 1 15
23 5
4 1 4 4 1 4 4 1 4 1 2 3 4 2 3 1 2 1 3 4 4 3 1
4 0
2 1 3
1 2 4 4
3 1 4
2 2 2 2
3 19
1 1 1
1 0
1 0
1 0
1 0
1 0
1 0
1 1 1
1 1 1
1 1 1
1 1 1
1 1 1
1 1 1
1 1 1
1 1 1
1 1 1
1 2 1 1
1 2 1 1
1 2 1 1
1 2 1 1
3 20
2 1 1
2 1 2
2 3 1 2 2
3 0
1 2 1 3
1 2 3 3
2 0
1 1 1
2 0
3 0
1 0
1 0
2 0
1 0
2 2 2 3
3 2 2 2
1 3 3 2 2
3 0
2 2 1 1
3 0
2 3 2 1 2
3 5
1 1 2
2 1 2
2 3 1 1 1
2 0
1 1 1
2 1 2
10 20
1 2 3 4 5 6 7 8 9 10
4 1 4
8 0
3 0
4 0
10 0
7 0
9 1 9
2 0
7 1 7
1 0
2 1 2
9 0
1 1 1
8 1 8
5 0
10 1 10
5 1 5
6 1 6
3 1 3
6 0
1 1
2
2 0
1 4
1
1 0
1 2 1 3
2 0
3 1 2
