25
4 20
2 1 3 3
2 1 2
1 1 2
1 1 3
3 3 2 1 1
3 1 1
2 1 2
2 1 1
1 1 1
3 2 2 1
1 2 1 3
1 1 3
2 0
1 2 3 2
3 1 3
3 1 3
1 1 2
3 1 2
3 0
1 0
3 2 2 2
10 20
1 2 3 4 5 6 7 8 9 10
5 1 5
8 0
6 0
4 0
6 1 6
7 0
7 1 7
3 0
3 1 3
4 1 4
5 0
2 0
10 0
1 1 1
1 0
9 1 9
8 1 8
10 1 10
9 0
2 1 2
3 5
1 1 2
2 2 2 2
2 0
2 2 1 2
2 2 2 2
1 0
3 15
1 1 1
3 1 1
1 1 2
2 0
2 1 1
2 1 2
2 3 3 3 3
2 1 2
1 2 2 1
2 1 3
2 1 2
2 1 3
3 1 2
1 1 2
2 3 1 3 3
2 4 2 1 1 2
2 9
13 13
13 1 13
13 0
13 1 13
13 1 13
13 1 13
13 0
13 2 13 13
13 1 13
13 0
6 20
1 4 4 1 1 1
1 1 2
2 0
4 0
1 2 3 2
2 4 2 3 1 1
2 3 1 2 3
2 2 4 2
3 2 1 3
3 1 3
4 1 3
1 1 3
2 5 4 3 3 1 3
3 1 4
4 1 1
4 1 3
1 2 3 4
2 1 3
1 0
4 1 3
4 3 3 1 1
1 1
2
1 1 1
3 10
1 2 2
2 2 2 1
1 2 2 2
1 1 1
1 1 1
1 1 2
1 3 2 1 1
1 0
1 1 1
1 0
1 3 1 2 2
1 2
2
2 0
2 1 2
3 19
1 1 1
1 0
1 0
1 0
1 0
1 0
1 0
1 1 1
1 1 1
1 1 1
1 1 1
1 1 1
1 1 1
1 1 1
1 1 1
1 1 1
1 2 1 1
1 2 1 1
1 2 1 1
1 2 1 1
4 20
1 3 4 3
3 0
2 1 4
3 2 4 2
1 2 4 1
2 3 2 1 3
3 1 4
1 1 2
2 1 3
1 2 4 1
3 0
3 2 4 3
4 4 1 1 3 1
1 2 1 4
2 0
4 1 1
4 3 3 2 1
4 1 3
1 1 2
2 0
2 1 2
1 1
2
2 0
1 1
2
2 3 1 2 3
3 3
1 1 1
1 0
1 0
1 0
23 5
1 1 3 1 2 4 3 3 3 3 1 1 1 4 1 4 1 2 3 3 4 1 3
3 1 2
1 3 3 3 3
2 0
4 0
2 2 2 3
1 20
2
2 2 2 3
2 1 2
2 3 3 3 2
3 0
1 3 1 1 1
2 2 2 3
2 2 2 1
3 2 1 1
1 2 2 2
3 1 3
1 0
1 1 2
3 1 3
1 1 1
2 0
1 0
1 1 2
1 1 3
1 0
3 1 1
3 15
1 2 2
2 1 1
1 1 2
1 3 2 3 3
3 0
1 1 3
1 4 3 3 2 1
3 3 2 3 3
1 0
1 3 1 2 3
2 4 2 2 2 1
1 0
3 1 2
1 5 2 3 1 3 1
1 2 1 3
1 5 1 1 3 3 2
3 20
1 2 1
2 1 1
2 0
2 1 2
2 1 1
2 3 2 3 1
2 4 1 3 1 2
3 0
3 1 3
3 0
2 1 3
2 1 2
1 1 2
3 3 3 1 1
3 3 1 1 1
1 2 1 2
2 2 2 2
2 1 1
2 0
2 1 3
3 1 1
4 10
4 2 6 5
3 1 6
4 2 4 6
1 2 6 4
5 4 1 3 6 1
1 3 2 6 5
5 1 3
1 0
6 0
6 1 1
5 4 6 6 2 5
20 15
4 2 3 4 3 4 4 3 3 5 5 2 4 4 2 5 3 3 4 5
5 2 3 2
3 2 4 3
1 1 3
5 1 3
4 1 1
2 0
1 1 4
2 1 2
3 2 2 1
1 1 5
1 0
3 2 1 3
5 1 4
1 2 1 1
3 3 1 1 3
1 4
1
1 0
1 2 1 3
2 0
3 1 2
1 20
20
1 1 11
18 1 2
8 1 17
11 2 2 12
14 1 1
9 2 19 3
12 2 8 13
17 2 13 6
19 1 4
5 3 12 19 13
16 2 13 18
3 2 19 7
20 2 3 19
2 1 8
6 3 3 15 9
10 3 2 15 15
15 3 1 14 5
13 3 5 13 10
4 2 8 16
7 2 13 14
1 1
2
1 3 1 2 3
2 13
2 2
2 0
2 1 2
2 0
2 0
2 1 2
2 1 2
2 0
2 1 2
2 0
2 1 2
2 3 2 2 2
2 0
2 2 2 2
1 20
8
13 1 15
9 2 5 13
5 1 9
18 2 2 5
10 1 18
19 1 10
2 1 19
12 2 20 2
6 1 12
1 1 6
17 1 1
16 2 5 17
20 2 8 16
3 1 20
7 2 17 3
14 1 7
11 1 14
15 3 12 17 11
4 1 15
8 2 17 4
