25
20 15
3 5 3 5 4 1 2 1 5 1 3 4 5 5 2 5 4 4 2 5
4 0
1 1 2
4 0
3 1 1
3 1 4
2 0
3 2 4 4
3 1 5
5 3 4 4 3
1 2 3 5
4 4 3 5 5 4
4 1 5
5 1 2
2 1 3
5 2 2 5
2 20
4 3
1 2 2 2
4 1 2
2 2 1 2
4 2 4 1
3 2 3 4
1 1 3
1 2 2 4
3 0
1 3 4 4 2
2 2 2 4
3 1 2
3 0
3 2 4 4
3 0
4 1 1
4 0
1 2 4 3
2 2 1 2
2 1 3
3 2 1 3
3 19
1 1 1
1 0
1 0
1 0
1 0
1 0
1 0
1 1 1
1 1 1
1 1 1
1 1 1
1 1 1
1 1 1
1 1 1
1 1 1
1 1 1
1 2 1 1
1 2 1 1
1 2 1 1
1 2 1 1
1 4
1
1 0
1 2 1 3
2 0
3 1 2
1 20
3
2 2 1 3
2 0
1 3 2 1 3
2 1 2
3 2 1 1
1 1 1
1 2 2 2
2 1 3
3 1 3
3 0
3 0
3 0
1 0
2 3 2 3 1
2 1 3
3 0
3 1 3
1 1 1
1 0
1 2 3 2
2 20
3 1
4 1 2
4 2 3 2
2 2 4 4
2 1 4
2 4 1 1 2 2
1 0
2 2 4 3
2 4 3 4 2 3
2 2 2 2
1 1 3
3 3 4 3 2
3 2 1 1
2 1 1
2 0
3 1 3
1 2 4 4
2 2 3 4
4 5 4 4 4 1 4
2 2 4 3
2 1 2
2 20
11 15
6 1 8
5 3 14 17 14
1 1 14
15 1 3
9 3 15 5 15
10 2 7 11
2 1 1
3 1 13
14 2 4 18
11 3 5 4 9
12 3 16 16 2
20 1 16
18 2 6 7
7 1 9
16 1 19
4 3 6 8 9
19 1 10
8 3 8 16 20
17 2 2 12
13 3 14 16 6
23 5
4 2 1 3 2 1 4 1 2 2 1 4 2 4 4 1 3 2 3 1 1 2 3
2 1 3
1 0
1 3 4 4 4
1 1 1
4 1 1
10 20
1 2 3 4 5 6 7 8 9 10
5 0
9 1 9
6 1 6
4 1 4
2 0
2 1 2
1 1 1
10 1 10
3 0
8 0
7 0
5 1 5
9 0
3 1 3
6 0
10 0
8 1 8
1 0
7 1 7
4 0
1 20
7
1 1 1
5 1 1
10 1 5
13 1 10
14 1 13
18 3 12 20 14
12 1 18
6 4 17 12 2 17
15 1 6
4 1 15
9 1 4
11 1 9
3 2 20 11
8 1 3
2 1 8
17 1 2
20 2 12 17
19 2 6 20
16 2 19 19
7 1 16
1 1
2
2 3 1 2 3
4 15
2 3 1 3
3 1 3
2 3 3 3 1
3 1 3
1 1 3
2 3 3 3 3
1 1 1
2 0
2 3 2 1 2
3 4 3 1 2 2
2 4 3 3 1 1
2 1 2
3 2 2 3
3 1 3
3 4 1 1 3 3
2 1 3
3 10
1 2 1
2 3 2 2 2
2 2 2 2
2 0
1 2 2 1
2 3 2 2 1
2 1 2
1 0
2 2 1 1
1 0
1 1 2
2 13
2 2
2 2 2 2
2 1 2
2 0
2 3 2 2 2
2 1 2
2 0
2 0
2 1 2
2 0
2 0
2 1 2
2 1 2
2 0
3 3
1 1 1
1 0
1 0
1 0
3 20
2 3 2
1 1 2
3 0
1 1 1
3 1 2
3 2 2 1
3 1 1
1 1 1
1 1 3
1 1 2
1 1 2
2 2 3 3
1 3 1 3 2
1 4 2 2 3 1
1 2 2 2
3 1 3
1 1 1
3 1 3
2 1 1
3 2 3 3
2 0
1 2
2
2 0
2 1 2
5 10
2 1 6 5 2
6 6 2 5 4 6 4 4
6 1 3
1 6 5 3 4 4 3 1
2 3 4 2 2
4 2 4 5
4 1 3
6 0
4 1 3
2 3 4 1 3
1 1 6
1 1
2
2 0
1 1
2
1 1 1
1 1
2
1 3 1 2 3
2 9
13 13
13 1 13
13 1 13
13 0
13 0
13 0
13 1 13
13 2 13 13
13 1 13
13 1 13
2 20
1 2
1 1 1
2 0
3 0
1 1 2
2 1 3
1 1 1
2 0
3 1 1
1 0
3 2 3 3
3 2 2 2
3 2 2 2
2 1 1
2 2 1 1
2 3 1 1 2
2 3 1 3 1
1 0
2 1 3
2 2 3 2
1 0
2 15
2 1
3 0
2 1 1
1 0
2 1 3
2 1 1
1 1 3
1 1 2
2 2 1 2
1 1 1
3 2 1 1
2 0
2 1 1
2 2 2 1
1 5 2 2 1 1 1
3 1 3
3 5
1 1 1
1 0
2 1 1
1 2 2 2
2 3 2 1 2
1 0
