100
6 4 0
16 -6 0
3 1 1
4 0 2
13 0 4
9 -4 0
12 0 2
15 1 3
12 -3 1
5 4 0
16 4742 3092
8 2 0
18 -5756 0
20 6 0
1 0 0
6 -4 0
5 0 2
6 0 2
18 0 4
4 0 2
16 2 2
13 2 0
5 0 4
5 5946 0
14 2 0
2 0 2
3 6922 0
8 3 1
2 4951 5405
17 5281 5329
3 2 0
8 5323 7415
20 -6 0
14 0 3804
20 -2 0
20 0 2
17 6 0
20 4 0
20 -5 1
9 3 1
17 0 2
6 2 0
17 1 3
8 -4 0
9 0 0
11 -5192 0
5 1 1
7 -1 3
10 -4 0
10 4 0
10 2 2
14 8198 0
13 -2 2
20 -2 4
14 2 2
5 -1 1
1 0 2
5 0 4
12 0 4
1 0 2
12 -4 0
15 1 3
20 4790 0
19 0 2
3 -1 1
13 0 0
13 1534 3602
11 0 0
5 2 0
16 -8916 0
18 -6 0
5 0 2
19 5 1
10 -3 1
19 -2 4
3 1 1
1 4 2
16 0 0
13 -1 1
4 0 4052
19 0 9220
1 0 2
10 0 0
18 2 0
3 -1 1
13 0 4
3 -2 0
20 480 3114
15 0 4
8 -4 0
8 8276 0
14 0 0
20 9591 4813
13 1 3
19 0 3456
16 -2 0
12 1 3
19 -2 0
6 0 0
10 5617 9799
