100
3 3
2 1 2
1 1 1
2 1 2
5 5
2 2 2 2 2
2 1 1 1 2
2 1 2 1 2
2 1 1 1 2
2 2 2 2 2
6 10
1 1 1 1 1 1 1 1 1 1
1 2 2 2 2 1 2 1 2 2
1 2 2 2 2 1 2 1 2 2
1 1 1 1 1 1 1 1 1 1
1 2 2 2 2 1 2 1 2 2
1 1 1 1 1 1 1 1 1 1
7 9
1 2 2 2 2 2 2 2 2
2 2 2 2 2 2 2 2 2
2 2 2 2 2 2 2 2 2
2 2 2 2 2 2 2 2 2
2 2 2 2 2 2 2 2 2
2 2 2 2 2 2 2 2 2
2 2 2 2 2 2 2 2 2
6 10
1 2 2 2 1 1 2 2 1 2
2 2 2 1 1 1 2 1 1 2
1 2 1 1 2 1 1 1 2 2
1 2 2 1 1 2 1 2 1 2
1 1 2 2 1 2 2 2 2 1
2 1 2 2 2 2 2 2 2 2
7 4
2 1 2 2
2 2 2 2
2 2 2 2
2 2 2 2
2 2 2 2
2 2 2 2
2 2 2 2
10 10
1 1 1 1 1 1 1 1 1 1
2 2 1 1 2 1 2 1 2 1
1 1 1 1 1 1 1 1 1 1
1 1 1 1 1 1 1 1 1 1
1 1 1 1 1 1 1 1 1 1
2 2 1 1 2 1 2 1 2 1
2 1 1 1 2 1 2 1 2 1
2 2 1 1 2 1 2 1 2 1
2 2 1 1 2 1 2 1 2 1
1 1 1 1 1 1 1 1 1 1
7 4
2 1 2 2
2 2 2 2
2 2 2 1
2 2 2 2
1 2 2 2
2 2 2 1
2 2 1 2
2 1
1
1
2 8
2 2 2 2 2 2 1 2
2 2 2 1 2 1 2 1
10 3
1 2 1
1 1 1
2 1 1
1 2 1
1 2 1
2 2 1
1 2 1
1 2 2
1 2 1
2 1 2
4 5
2 1 1 1 2
2 2 2 1 1
2 1 2 2 1
1 2 1 2 2
7 6
2 2 2 2 1 2
2 2 2 2 2 2
2 2 2 2 2 2
2 2 2 2 2 2
2 2 2 2 2 2
2 2 2 2 2 2
2 2 2 2 2 2
6 10
1 1 1 1 1 1 1 1 1 1
1 1 1 1 1 1 1 1 1 1
1 1 1 1 1 1 1 1 1 1
1 1 1 1 1 1 1 1 1 1
1 2 1 2 2 1 2 1 1 1
1 2 1 2 2 1 1 1 1 1
7 9
1 2 2 2 1 1 2 2 1
1 1 1 1 1 1 1 1 1
1 1 1 1 1 1 1 1 1
1 2 2 2 1 1 2 2 1
1 1 1 1 1 1 1 1 1
1 2 2 2 1 1 2 2 1
1 1 1 1 1 1 1 1 1
3 2
1 1
1 1
2 1
6 10
2 2 2 2 2 2 2 2 2 2
2 2 2 2 2 2 2 2 2 2
2 2 2 2 2 2 2 2 2 2
2 2 2 2 2 2 2 2 2 2
2 2 2 2 2 2 2 2 2 2
2 2 2 1 2 2 2 2 2 2
5 8
2 1 2 2 1 2 2 2
2 1 2 2 1 2 2 2
2 1 2 2 1 2 2 2
2 1 2 2 1 2 2 2
2 1 2 2 1 2 2 2
7 7
2 2 2 2 2 2 2
2 2 2 2 2 2 2
2 2 2 2 2 2 2
2 1 2 2 2 1 2
2 2 2 2 2 2 2
2 2 2 2 2 2 2
2 2 2 2 2 2 2
5 8
1 1 1 1 1 1 1 1
1 2 2 2 2 1 1 1
1 1 1 1 1 1 1 1
1 1 1 1 1 1 1 1
1 1 1 1 1 1 1 1
7 4
2 2 2 2
1 1 1 1
2 2 2 2
2 2 2 2
2 2 2 2
2 2 2 2
1 1 1 1
4 5
1 1 1 1 1
1 1 1 1 1
1 1 1 2 1
1 1 1 1 1
2 3
1 2 2
2 2 2
7 7
2 2 2 2 1 1 2
2 1 1 1 1 1 2
1 2 2 1 1 1 1
2 1 1 1 2 1 2
2 2 1 1 2 1 1
1 1 1 2 1 2 2
2 2 2 2 1 1 2
10 10
1 1 1 1 1 1 1 1 1 1
1 1 1 1 1 1 1 1 1 1
1 1 1 1 1 1 1 1 1 1
1 1 1 1 1 1 1 1 1 1
1 1 1 1 1 1 1 1 1 1
1 1 1 1 1 1 1 1 1 1
1 1 1 1 1 1 2 1 1 1
1 1 1 1 1 1 1 1 1 1
1 1 1 1 1 1 1 1 1 1
2 1 1 1 1 1 1 1 1 1
2 5
2 2 2 1 2
2 1 1 1 1
5 2
1 1
2 1
2 1
2 1
2 1
2 8
1 1 1 1 1 1 1 1
1 1 1 1 1 1 1 1
5 2
2 2
2 2
2 2
2 2
2 1
2 1
1
2
2 5
2 2 1 2 1
2 2 2 2 2
6 1
2
1
2
2
1
1
2 3
1 1 1
1 1 1
3 2
2 1
2 2
2 1
10 10
1 1 1 2 1 1 1 1 1 1
1 1 1 1 1 1 1 1 1 1
1 1 1 1 1 1 1 1 1 1
1 1 1 1 1 1 1 1 1 1
1 1 1 1 1 1 1 1 1 1
1 1 1 1 1 1 1 1 1 1
1 1 1 1 1 1 1 1 1 1
1 2 1 1 1 1 1 1 1 1
1 1 1 1 1 1 1 1 1 1
1 1 1 1 1 1 1 1 1 1
10 10
1 2 2 2 2 2 2 2 2 2
2 2 2 2 2 2 2 2 2 2
2 2 2 2 2 2 2 2 2 2
2 2 2 2 2 2 2 2 2 2
2 2 2 2 1 2 2 2 2 2
2 2 2 2 2 2 2 2 2 2
2 2 2 2 2 2 2 2 2 2
2 2 2 2 2 2 2 2 2 2
2 2 2 2 2 2 2 2 2 2
2 2 2 2 2 2 2 2 2 2
7 4
1 1 1 1
1 1 1 1
1 1 1 1
1 1 1 1
1 1 1 1
1 1 1 1
1 1 1 1
5 4
2 2 1 2
1 1 1 1
2 1 2 2
2 1 1 2
2 2 1 2
3 5
2 2 2 2 1
2 2 1 2 1
1 2 2 1 2
7 4
2 1 1 2
1 2 1 2
2 2 2 2
2 1 2 2
2 1 2 1
1 1 2 2
2 2 2 2
3 5
2 2 2 2 2
2 2 2 1 2
2 2 2 2 2
2 5
2 2 2 2 2
2 2 1 2 2
9 7
1 2 1 2 2 1 1
1 1 1 1 1 2 2
2 2 2 2 2 2 1
1 2 2 2 1 1 2
2 1 1 1 2 2 1
1 2 2 2 2 2 1
1 2 1 2 2 2 1
1 1 1 1 1 1 2
1 2 1 1 2 1 1
1 2
1 1
1 1
2
10 10
1 1 1 1 1 1 1 1 1 1
1 1 1 1 1 1 1 1 1 1
1 1 1 1 1 1 1 1 1 1
1 1 1 1 1 1 1 1 1 1
1 1 1 1 1 1 1 1 1 1
1 1 1 1 1 1 1 1 1 1
1 1 1 1 1 1 1 1 1 1
1 1 1 1 1 1 1 1 1 1
1 1 1 1 1 1 1 1 1 1
1 1 2 1 1 1 1 1 1 1
3 10
1 2 2 1 2 1 2 2 2 2
1 1 1 1 1 1 1 1 1 1
1 2 2 1 2 1 2 2 2 2
3 10
2 2 2 2 2 2 2 2 2 2
2 2 2 2 2 2 2 2 2 2
1 2 2 2 2 2 2 2 2 2
4 5
2 2 2 2 2
2 2 2 2 2
2 2 2 2 2
2 1 2 2 2
8 2
1 1
1 2
1 1
2 2
1 1
2 1
2 2
1 1
1 2
1 1
2 3
1 2 2
1 1 1
10 10
1 1 1 1 1 1 1 1 1 1
1 1 1 1 1 1 1 1 1 1
1 1 1 1 1 1 1 1 1 1
1 1 1 1 1 1 1 1 1 1
1 1 1 1 1 1 1 1 1 1
1 1 1 1 1 1 1 1 1 1
1 1 1 1 1 1 1 1 1 1
1 1 1 1 1 1 1 1 1 1
1 1 1 1 1 1 1 1 1 1
1 1 1 1 1 1 1 1 1 1
10 10
1 1 1 1 1 1 1 1 1 1
1 1 1 1 1 1 1 1 1 1
1 1 1 1 1 1 1 1 1 1
1 1 1 1 1 1 1 1 1 1
1 1 1 1 1 1 1 1 1 1
1 2 2 1 1 1 2 2 2 1
1 2 2 1 1 1 2 2 2 1
1 2 2 1 1 1 2 2 2 1
1 2 2 1 1 1 2 2 2 1
1 2 2 1 1 1 2 2 2 1
5 2
1 1
1 2
1 2
1 1
1 1
3 10
2 2 2 2 2 2 2 2 1 1
1 2 2 2 1 1 1 1 2 1
2 2 1 2 2 2 2 2 2 2
5 8
2 2 2 2 2 2 2 1
2 2 2 2 2 2 1 2
2 2 2 2 2 2 2 2
2 2 2 2 2 2 2 2
1 2 2 2 2 2 2 2
3 5
1 1 1 1 1
1 1 2 2 1
1 1 2 2 1
5 3
2 1 2
1 1 2
1 1 1
2 1 1
2 2 2
10 6
2 1 1 2 2 2
1 1 2 1 2 2
1 2 1 2 2 2
1 2 2 2 1 1
1 2 1 1 1 1
2 1 1 2 1 2
1 1 2 2 2 1
1 1 1 1 2 1
1 1 2 2 1 2
1 1 1 2 2 2
1 1
1
3 2
2 2
1 2
2 2
1 9
1 1 1 1 1 1 1 1 1
4 7
2 2 2 1 1 2 1
2 2 1 1 2 1 1
2 2 1 1 1 2 2
1 1 2 1 1 1 1
2 8
2 1 2 1 1 2 2 1
2 1 1 1 1 2 2 1
7 7
2 2 2 1 1 2 2
2 2 2 1 1 1 2
1 1 1 1 1 1 1
1 1 1 1 1 1 1
2 2 2 1 1 2 2
1 1 1 1 1 1 1
2 2 2 1 1 2 2
7 6
1 1 1 1 1 1
1 1 1 1 1 1
1 1 1 1 1 1
1 1 1 1 1 1
1 1 1 1 1 1
1 1 1 1 1 1
1 1 1 1 1 1
6 7
2 1 1 2 1 1 2
1 1 2 2 2 2 2
2 2 1 1 1 2 1
1 1 2 1 2 2 1
2 1 1 1 1 2 2
2 1 1 2 2 1 2
10 10
2 2 2 2 2 2 2 2 2 2
2 2 2 2 2 2 2 2 2 2
2 2 2 2 2 2 2 2 2 2
2 2 2 2 2 2 2 2 2 2
2 2 2 2 2 2 2 2 2 2
2 2 2 2 2 2 2 2 2 2
2 2 2 2 2 2 2 2 2 2
2 2 2 2 2 2 2 2 2 2
2 2 2 2 2 2 2 2 2 2
2 2 1 2 2 2 2 2 2 2
6 10
2 1 1 2 1 1 1 2 1 1
2 2 1 1 1 2 1 2 1 2
1 1 2 2 2 1 1 1 1 2
2 1 2 1 1 1 1 2 1 1
1 2 2 1 2 1 1 1 2 1
1 2 1 1 2 2 2 2 1 2
7 7
1 1 1 1 1 1 1
1 1 1 1 1 1 1
1 1 1 1 1 1 1
1 1 2 1 2 1 2
1 1 1 1 1 1 1
1 1 1 1 1 1 1
1 1 2 1 2 1 2
5 2
2 1
2 2
2 2
2 2
2 2
10 10
1 2 2 1 2 2 1 1 1 2
1 2 2 1 2 2 1 1 1 2
1 1 1 1 1 1 1 1 1 1
1 2 2 1 2 2 1 1 1 2
1 2 2 1 2 2 1 1 1 2
1 2 2 1 2 2 1 1 1 2
1 2 2 1 2 2 1 1 1 2
1 1 1 1 1 1 1 1 1 1
1 2 2 1 2 2 1 1 1 2
1 2 2 1 2 2 1 1 1 2
10 10
2 2 2 2 2 2 2 2 2 2
2 1 2 2 2 2 2 1 2 1
1 2 2 2 2 2 2 1 2 2
1 2 2 2 2 2 2 2 2 1
2 2 2 2 2 2 2 2 2 2
2 2 2 2 2 2 2 2 1 2
2 2 2 2 1 2 2 2 2 2
2 2 2 2 1 2 2 2 2 2
2 2 2 2 2 2 2 2 2 2
2 2 2 2 2 2 2 2 2 2
8 5
1 2 1 2 1
1 1 2 2 1
1 2 1 2 2
1 2 1 1 1
2 2 2 1 2
2 2 2 1 2
1 2 1 1 1
1 2 1 1 2
4 7
2 1 1 1 1 1 1
2 1 2 1 2 2 1
2 1 2 1 1 1 2
1 1 1 1 1 1 1
8 1
1
1
1
1
1
1
1
1
10 10
2 1 2 2 1 2 2 1 1 1
1 2 2 1 2 1 2 2 2 1
2 1 1 2 2 2 2 2 2 2
2 1 1 1 2 2 2 1 2 2
2 2 2 1 2 2 2 2 2 2
1 1 2 2 2 2 2 1 1 2
2 2 2 1 2 2 2 1 2 1
2 2 2 2 2 1 1 2 2 2
1 2 2 1 1 2 2 2 2 2
2 2 2 1 1 2 2 2 2 2
6 10
1 1 1 1 1 1 1 1 1 1
1 2 2 1 2 2 2 1 2 1
1 2 2 1 2 2 2 1 2 1
1 1 1 1 1 1 1 1 1 1
1 1 1 1 1 1 1 1 1 1
1 2 2 1 2 2 2 1 2 1
10 10
2 1 1 2 2 1 1 2 1 2
2 1 1 2 2 1 1 2 1 2
1 1 1 1 1 1 1 1 1 1
2 1 1 2 2 1 1 2 1 2
2 1 1 2 2 1 1 2 1 2
1 1 1 1 1 1 1 1 1 1
2 1 1 2 2 1 1 2 1 2
1 1 1 1 1 1 1 1 1 1
2 1 1 2 1 1 1 2 1 2
2 1 1 2 2 1 1 2 1 2
10 10
1 1 1 1 1 1 1 1 1 1
1 1 1 1 1 2 1 1 1 1
1 1 1 1 1 1 1 1 1 1
1 1 1 1 1 1 1 1 1 1
1 1 1 1 1 1 1 1 1 1
1 1 1 1 1 1 1 1 1 1
1 1 1 1 1 1 1 1 1 1
1 1 1 1 1 1 1 1 1 1
1 1 1 1 1 1 1 1 1 1
1 1 1 1 1 1 1 1 1 1
10 10
2 2 2 2 2 2 2 2 2 2
2 2 2 2 2 2 2 2 2 2
2 2 2 2 2 2 2 2 2 2
2 1 2 2 2 2 2 2 2 2
2 2 2 2 2 2 2 2 2 2
2 2 2 2 2 2 2 2 2 2
2 2 2 2 2 2 2 2 2 2
2 2 2 2 2 2 2 2 2 2
2 2 2 2 2 2 2 2 2 1
2 2 2 2 2 2 2 2 2 2
1 8
1 1 1 1 1 1 1 1
5 8
1 1 1 2 1 1 1 1
1 1 1 1 2 1 1 2
2 2 2 2 1 1 1 2
2 1 2 1 1 1 2 2
1 2 2 1 1 2 1 1
7 9
1 1 1 1 1 1 1 1 2
2 1 2 1 1 1 2 2 1
1 1 2 1 1 1 2 2 1
2 2 2 1 2 2 1 2 2
1 2 2 1 2 2 2 1 2
2 2 1 2 1 2 1 2 2
1 1 1 1 2 2 1 1 2
10 6
2 2 2 1 1 2
2 2 1 2 1 2
1 1 1 1 1 1
1 1 1 1 2 2
1 2 2 1 1 2
1 1 2 2 1 2
2 1 1 1 2 1
1 2 2 2 1 2
1 1 1 2 2 1
2 2 2 2 1 1
3 2
2 1
2 2
1 1
2 5
1 1 1 1 1
1 1 1 1 1
10 10
2 1 2 1 2 1 1 1 1 1
2 2 2 1 2 1 2 1 1 2
2 1 1 1 2 1 2 2 1 1
1 2 1 2 2 1 2 2 1 2
2 1 2 1 1 1 1 2 1 1
2 1 1 1 2 1 2 2 1 1
2 2 2 2 2 1 2 2 1 1
2 2 1 2 2 2 2 1 2 2
2 1 1 2 2 1 2 1 2 1
2 2 2 1 2 2 1 1 2 2
7 6
2 2 2 2 2 2
2 2 2 2 1 2
2 1 2 2 2 1
2 2 1 2 2 2
2 2 1 2 2 2
2 1 2 2 1 2
1 2 2 2 2 1
8 5
2 2 1 2 2
2 2 1 2 2
2 2 1 1 2
1 2 2 2 1
2 2 1 1 2
1 2 2 1 1
1 2 1 1 2
2 2 1 2 2
10 10
2 2 2 2 2 2 2 2 2 2
2 2 2 2 2 2 2 2 2 2
2 2 2 2 2 2 2 2 2 2
2 2 2 2 2 2 2 2 2 2
2 2 2 2 2 2 2 2 2 2
2 2 2 2 2 2 2 2 2 2
2 2 2 2 2 2 2 2 2 2
2 2 2 1 2 2 2 2 2 2
2 2 2 2 2 2 2 2 2 2
2 2 2 2 2 2 2 2 2 2
5 8
1 2 1 1 2 1 1 1
1 2 1 1 2 1 1 1
1 1 1 1 1 1 1 1
1 2 1 1 2 1 1 1
1 1 1 1 2 1 1 1
10 10
2 1 2 1 1 1 1 1 2 2
1 2 2 1 1 1 1 1 1 2
2 2 2 2 1 2 1 1 1 1
1 1 2 2 2 2 1 1 2 2
2 2 1 2 1 2 2 2 1 2
1 1 2 2 2 2 2 2 2 1
2 1 2 1 2 2 2 1 1 2
1 1 1 1 2 2 2 2 2 1
2 2 2 2 2 1 1 1 1 2
2 2 2 2 1 1 1 2 1 2
9 1
1
1
1
1
1
1
1
1
1
2 3
1 2 1
2 2 2
10 10
1 1 1 1 1 1 1 1 1 1
1 1 1 1 1 1 1 1 1 1
2 2 1 2 2 2 2 1 1 1
2 2 1 2 2 2 2 1 1 1
2 2 1 2 2 2 2 1 1 1
2 2 1 2 2 2 2 1 1 1
1 1 1 1 1 1 1 1 1 1
2 2 1 2 2 2 2 1 1 1
2 2 1 2 2 2 2 1 1 1
2 2 1 2 2 2 2 1 1 1
5 8
1 1 1 1 1 1 1 1
1 1 1 1 1 1 1 1
1 1 1 1 1 1 1 1
1 2 2 1 1 1 2 1
1 2 2 2 1 1 2 1
1 6
1 2 1 1 2 2
7 4
2 2 2 2
2 2 2 2
2 2 2 2
2 2 2 2
2 2 2 2
2 2 2 1
2 2 2 2
