100
508.98322 79.87672 431.95687
356.67492 76.49356 278.07654
389.12649 67.9060 669.378
9254.0 21.0 8814.0
1.09575 99.10222 99999.43738
5644.0 94.0 36706.0
9994.53067 1.17114 99995.51363
9990.99800 1.46490 99995.62635
559.73698 7.60010 378.51
5330.0 2.0 68723.0
7352.00000 39.00000 7364.00000
9990.03034 1.26961 99921.34183
9991.91242 1.10079 99973.40989
9994.89375 1.08320 99912.42144
1317.0 78.0 14470.0
1087.84337 86.31164 878.20421
627.00000 2.00000 1254.00000
365.27 58.16 208.55373
9996.54501 1.00648 99924.61204
9452.00000 2.00000 18904.00000
2595.0 45.0 83510.0
74.45 15.5 839.39963
9991.34876 1.08505 99930.44983
289.22829 10.09381 1211.27992
1578.0 35.0 50693.0
1.06960 99.19881 99999.39073
1172.27406 88.10094 759.0
9996.31977 1.09090 99944.01453
9996.56694 1.17097 99949.49984
815.2035 13.71529 557.1634
665.0 11.798 577.75
33.60025 84.93482 728.31167
9994.81161 1.00637 99912.22850
263.75149 47.08082 1137.81284
1.08296 99.07414 99999.80058
8782.00000 92.00000 9010.00000
539.81 60.758 120.609
514.76538 51.43676 613.98465
9993.18334 1.01227 99930.54445
724.12265 90.78578 717.83902
9996.03420 1.47994 99977.78396
9992.52290 1.31566 99971.43290
5578.00000 25.00000 5920.00000
10000.00 76.438 656.218
935.37701 55.7762 100000.0000
9998.06928 1.36503 99994.61616
302.0 25.0 67748.0
9994.25520 1.02189 99903.59876
702.44072 64.47969 866.28482
83.80851 23.07702 528.67301
9992.51624 1.49411 99972.82135
786.33 44.19 438.164
505.0359 41.2 440.0989
9994.11450 1.15918 99941.44251
16.03487 100.00 301.4392
1267.4 40.348 94.62
9990.23188 1.32923 99942.02683
1061.39559 64.49586 627.42757
1.09277 99.93737 99999.64386
9998.57465 1.37538 99921.13385
322.0 64.0 79556.0
5354.00000 2.00000 10708.00000
9998.65028 1.47698 99931.01136
173.47391 68.05285 1033.34904
5655.0 61.0 26338.0
9992.99464 1.17258 99914.54258
1185.513 82.0 77.51
3323.0 74.0 34328.0
9992.24282 1.46743 99937.50154
9997.41316 1.48755 99954.65189
7960.0 7.0 60257.0
114.60016 19.74769 128.02814
9996.08153 1.49621 99972.87745
4979.0 99.0 60000.0
9998.03043 1.09772 99989.43730
7105.00000 51.00000 7716.00000
459.23814 23.90205 1152.53841
9994.51654 1.45670 99937.97325
1397.07746 96.64135 274.19499
174.0 39.514 689.17766
9998.57879 1.47810 99907.92002
275.26707 19.51002 378.51423
9998.26026 1.22114 99960.02560
83.6 75.0 692.3
567.46529 44.55375 126.82350
9991.37724 1.24332 99967.17381
11.66294 96.43067 52.81466
9990.26272 1.00459 99949.72393
9991.98757 1.42324 99945.25428
1334.59058 3.16142 82.69163
528.88726 98.42928 425.77245
3421.00000 2.00000 6842.00000
413.0 23.548 849.3
251.77605 48.7 223.738
9996.82516 1.41361 99959.77186
9990.14213 1.49593 99909.01441
9995.75793 1.10014 99970.37884
5881.0 61.0 86644.0
9996.24611 1.46613 99999.89147
256.63470 83.13369 614.55823
