100
123.8650 1.222 1069.45546
493.58746 1.40895 1953.34021
359.00000 2.00000 718.00000
1.03771 3.57157 1999.58239
334.2 2.0 960.45
349.00000 4.00000 388.00000
493.18325 1.46747 1927.21946
248.00000 2.00000 496.00000
494.60232 1.43288 1908.94884
491.05031 1.03774 1953.17620
212.49 3.0 2000.0
265.24622 2.19709 1088.01873
266.06660 3.56810 666.17653
262.7 1.1 1259.56466
490.39196 1.06830 1954.87588
492.84751 1.46784 1976.83698
500.00000 1.900 1565.306
490.95857 1.39467 1910.84746
490.30940 1.07642 1920.94337
268.0 3.0 246.0
495.81606 1.24819 1955.39659
496.60234 1.33054 1987.13012
342.0 4.0 330.0
219.7 3.6 921.319
481.0 3.0 351.0
33.29555 2.87050 937.90032
493.55243 1.41596 1904.36186
493.82851 1.36431 1902.59019
148.67887 2.91817 536.52670
493.11531 1.40391 1949.43296
1.04707 3.65806 1999.37642
243.14750 1.44597 262.53564
496.42935 1.07059 1905.95415
455.73083 2.70299 161.50179
149.80827 1.83320 1729.18634
492.0 3.0 1971.0
495.39513 1.25954 1978.17584
485.0 1.0 1914.0
490.72651 1.23039 1968.10405
494.17752 1.38551 1953.81134
332.0 2.0520 853.6122
43.22659 3.03382 1252.60357
198.00000 2.00000 396.00000
1.000 2.6425 1450.7
497.36683 1.20354 1927.65769
378.42 1.3 387.8
197.00000 2.00000 394.00000
311.0 4.0 58.0
402.22793 1.14551 1382.27248
497.20459 1.03736 1988.18075
1.07281 3.66480 1999.20545
410.46137 2.89088 792.11443
324.4364 2.1 509.0
1.05754 3.85367 1999.84931
496.75108 2.12480 1845.45435
313.51094 1.96927 642.57031
133.666 1.0 113.2
261.07575 3.27952 1693.53501
461.0 2.0 470.0
1.36021 3.34045 2.58643
498.99620 1.02615 1970.48394
498.28939 1.24409 1982.02687
498.29660 1.11014 1933.17307
497.61299 1.19131 1939.59770
322.0 4.0 272.0
174.92183 3.54408 1044.26946
434.72575 2.78 1531.0622
10.9 3.107 20.5524
490.67328 1.11043 1991.06297
365.00000 4.00000 407.00000
258.00000 3.00000 277.00000
491.80585 1.34051 1991.86443
498.72346 1.34138 1960.63232
355.27034 2.75166 504.17048
56.0 4.0 235.0
491.78469 1.07550 1993.13819
491.55028 1.35250 1949.82237
269.00000 3.00000 311.00000
496.35359 1.20262 1943.06107
144.68145 3.5299 1555.0
471.69943 2.54293 1034.22531
396.0 2.0 1019.0
491.92766 1.48475 1949.75365
203.73410 4.0 1555.98713
232.367 1.5598 1580.1
496.78199 1.22385 1930.64589
192.0 3.0 1308.0
491.93216 1.18561 1947.84027
241.39 1.6068 1895.835
372.25574 2.03466 1746.43407
163.74859 2.00946 689.78301
92.0 3.0 377.0
498.00751 1.31615 1943.61728
106.0 1.0 472.0
34.27777 1.86916 682.11653
492.91837 1.30878 1962.48129
428.613 3.55 1836.83419
495.40864 1.29422 1965.07030
264.40092 3.96686 1697.74836
479.892 1.7767 1.0
