2000
34 15 31
35 16 26
4678153 94 14
54 72 27
80 93 12
138 47 40
9540277669 56 81
8364945 19 55
55 89 31
52 57 78
792338952 96 97
9 46 81
94722 87 74
90 70 64
2684 80 99
649 20 78
796284156644864 12 90
124 55 48
856326051769 80 53
7576401614172 16 33
375817044953607 98 59
7162205054532 40 74
78 25 27
21904801360 30 85
148 92 73
91 81 54
101 32 15
18 58 35
46 86 17
6313 74 75
18655868 5 79
84 9 3
26 99 19
863604079442767 11 27
477444751 28 37
7 58 52
83 81 64
125 8 65
125 64 28
147 55 9
9 18 12
20 53 42
1155970 64 31
7390345147566 71 30
124 13 72
702378 24 24
5782659851 9 92
40 16 7
53 74 63
85036777 27 54
30394827227 19 39
49 95 20
233384 68 44
50414472164 40 75
100 59 92
118 34 38
80 35 59
58997078 34 51
88 52 87
25 10 71
1354 39 64
82881214265 76 77
6783633782 12 97
56 23 37
447660 3 1
54 24 54
81 39 88
128 52 38
16042 7 65
9 18 92
878 60 22
57 89 4
54 29 14
449875563860245 48 100
42211 69 90
791361549085 33 64
213846 93 24
227761405 12 89
95 59 76
183985149892882 95 100
51 38 12
64 46 27
10 17 89
38229990964 31 64
98 58 66
89 2 87
135 87 55
24 17 83
938858737 60 42
945422500 61 16
972052992986992 67 0
3976035 92 31
1 39 76
2 50 56
68 77 91
146 33 43
41 9 50
6 29 71
65505573 68 64
130 54 22
79 19 1
43 77 25
197 21 38
7233640122 57 25
4171857920 27 10
69 70 38
9 67 97
29 22 9
138 97 57
131 51 34
91992 76 64
144 65 95
87 84 83
27 95 2
257640 5 32
466162577621479 48 100
150 43 67
9 90 41
93 29 83
80 85 51
37033 96 58
105 14 32
50 17 44
140 66 2
4 95 90
41 6 80
270560483 24 60
72 56 91
473 43 18
624388689864 80 98
129 74 50
94911153628136 5 26
642482 49 14
123 25 91
448458347 17 7
74533 19 41
41 70 18
79 84 66
636888683 64 9
710349841039061 46 0
91132 4 20
112 98 64
7 93 44
5228407 88 26
290861 36 90
478571925983994 15 0
66262295 60 79
189712187839110 2 100
87270581 27 3
186144617986 29 26
66404690641255 97 76
3405 7 31
100 26 65
39096212 74 36
6448674664116 41 1
9081968 97 11
858108 77 54
7784174579546 18 60
55 93 95
142 20 53
55 12 84
89 31 51
8420570 77 22
110 41 19
324323057474 51 29
3 14 51
121 28 11
176900 30 96
1182770478965 85 95
139 56 55
40 73 11
401588677 69 60
108 71 31
142 86 45
26 8 34
74 12 50
24 53 28
84 87 28
7486 28 42
60029794 96 33
137 32 38
105 81 75
3494 20 58
28340707 15 91
611726378 80 89
27 93 23
96 46 92
8484 70 45
100 67 48
40 47 53
117 20 6
99 85 49
135 32 19
51 78 34
33 59 97
22 1 62
37 54 5
81 45 9
20 10 19
2 50 15
66 7 51
65 93 46
9564915183 75 76
97197105 33 46
38 13 86
72 72 79
59 35 6
16 19 8
83 13 73
87566362031 55 51
32 22 70
34 40 90
64 17 58
23 48 53
9989782269803 39 33
17 39 5
123610675361368 9 0
42937 82 50
138 56 97
141026 2 88
7 2 40
145 47 98
68 25 79
1000000000000000 58 0
148 45 67
52 50 75
53 73 39
125 19 92
145 44 58
20326231 15 30
2 91 87
749922216250 6 80
2147054786294 87 53
15 80 77
38 42 15
142 1 30
5635177629 5 67
138 34 46
88 73 4
18 14 11
60 39 3
48376896103 36 83
42329 50 65
1 60 14
35 32 75
2637 2 48
1 67 96
545136913 38 47
58 52 54
39931 21 87
83 9 97
13658820 91 51
1712402730 22 79
64 12 67
13 97 18
57 38 70
12 3 14
51 39 34
131 5 25
7032 23 76
14 10 21
99 52 76
2100069401 93 75
69521 20 97
637752474675671 10 9
117695943042770 17 75
23 44 15
47 68 49
6 30 32
131 41 60
297 44 15
58 18 29
28 41 17
80297101 3 53
82416721176 2 8
10 82 2
32 1 58
21954087521863 7 80
59 18 30
328990757015688 40 87
866034216838 31 25
60 41 50
150 46 1
66291702853801 52 33
1750635 72 92
30 60 6
95434 56 89
5 19 66
9781599 46 94
312 60 43
6808622519480 78 71
24 61 13
121 88 24
129 84 18
90 71 85
21816 72 42
40467285087122 76 43
127 76 37
80 44 16
1572314423339 63 70
107 20 34
117 53 90
6196708023 30 14
121 3 51
24865932 2 24
86820311490684 59 47
4262 6 95
4867558574 56 4
54 51 67
48 19 28
145 92 3
139 49 63
7977520 33 88
40 2 66
143 2 21
7 20 66
97 9 91
6140908 22 72
119 95 72
909917374361341 96 63
68624778289248 31 30
50 99 28
385409262218065 61 0
33829769 97 6
6323274 9 5
79 47 9
71 30 10
76273665545844 59 100
89 55 51
45 65 53
23 23 72
392856 74 49
436 61 60
716618290553806 60 49
30164127808 37 16
18 99 8
143 49 39
830408645274 96 70
47528092970726 42 61
141 62 49
52 47 96
33 35 88
79266926 60 63
9 74 96
98733 84 61
80147431 65 3
77 70 17
49 72 41
135 62 15
181858171 95 72
704676302992 68 40
125 54 54
99760417731250 42 30
83 36 13
103 33 73
112 32 44
7 94 75
9 53 28
138 5 92
79131431374631 73 63
4 88 89
106 1 55
4678937219255 72 3
72 39 66
10 29 33
123 92 86
459 35 21
2404196885 80 35
432 76 8
33 84 44
116 63 42
632133643320076 57 14
77 93 70
133 39 36
9839809887824 8 80
84 89 46
62 77 23
41 24 77
24 16 47
57 21 28
295 8 77
23 73 54
75 59 6
4 25 79
19935 93 74
120 53 57
26 81 48
124 31 15
10 28 11
22 76 65
897415777253 67 94
65049742 67 47
74082793119629 75 2
100 24 14
6 40 36
805825 60 88
21 12 71
113 78 25
18 99 91
9111249 47 64
100 32 47
69 6 71
45 82 37
653 36 83
57 60 42
89 87 24
5 81 74
8369458 25 4
120 43 72
8346 85 59
1165204501 95 21
990583693154 16 37
575877943847899 6 46
564 83 65
75 1 86
6939403385264 80 94
450015 80 21
83 24 89
125 84 19
311786019513686 93 75
144 94 58
795635740467650 33 100
2848879 73 6
57 50 84
12 68 79
2897581704352 48 2
73 42 9
148 63 27
189982238 85 78
86 44 87
43 25 18
58208599877 33 5
77 35 23
615261095 24 28
109 38 27
89799 42 31
21 77 31
145 24 55
3977847 38 52
535036172430305 66 0
56851638626 46 47
1349839953 22 75
51 78 44
279 62 44
95496874 70 17
5 33 51
35 7 20
104 67 6
139 31 32
453432 80 39
17687 36 69
870728 50 96
459730176 84 47
12 97 2
22 6 13
97330530837 82 56
12004790109380 35 12
2597 72 87
72 48 40
24 5 95
124 16 40
193479617702798 3 51
62 41 97
880731375319402 73 100
34 22 10
117 41 15
6 48 96
90255165 17 71
10 77 61
7064 31 30
9336 89 63
289010012560248 23 100
99 73 63
50119 54 32
132 58 51
2 56 87
7 60 25
31 46 13
1 35 41
8011 35 51
78 67 93
4012293502071 18 28
8 0 100
142 55 10
79736996120426 3 100
890655834 43 97
44 21 35
1391246543695 29 11
112 13 50
27 24 10
7 53 22
89 3 91
441598112072915 4 71
104 80 54
20234321378 80 12
10617 96 23
847478720 28 80
104 10 83
931610736783112 78 99
121 56 91
53551035 53 33
28 63 60
6 19 44
81562316 2 29
619485649630 66 30
956259874373744 15 0
579280 95 72
19 53 54
233794273 63 31
86 97 76
144 93 77
756268243471152 80 66
34 16 17
39 50 88
4 44 41
2931374736500 41 77
348674 17 98
184715 94 85
110 81 24
20 1 50
1006 52 23
121 55 55
25 52 30
720 96 92
1 38 100
3 80 26
176208 66 87
6868613736485 18 45
6792217 25 34
478973051956 49 93
107 46 22
978627469146467 34 93
69 92 58
513529331841 48 86
105 61 17
14 93 87
142 99 6
98 7 52
21 21 63
101 98 38
433348 64 87
9060 99 40
163 36 66
400 9 85
498330460842171 84 51
117 39 61
4648108554951 89 88
665536 89 88
443579095 27 85
49622992 22 91
1 50 14
8486627131478 75 5
71 48 52
74 79 79
80 95 28
9 90 96
78948669950902 23 99
37 33 16
12 72 4
34349 44 72
23 31 71
955516137958 78 94
81355787413255 71 58
636282656231 97 21
20 23 74
148 32 79
105 2 13
46 63 49
2154341588 88 97
872762927555 30 16
531672214 90 9
120 62 68
28 37 77
64537829 40 91
137 80 49
825425744200 48 63
83 54 66
118 78 15
8051381029 51 80
5 75 7
515151583797601 92 37
50 61 59
67 20 33
91930975294 73 6
85502 60 56
78 68 54
62 63 75
62305 61 49
5759235602 4 66
9955764 61 44
938771102648029 33 77
620 63 81
98 34 73
3614614424 42 1
138 11 50
8644392 25 62
65247 5 92
125768486688417 13 77
60 37 72
54159449 96 70
812522693 7 35
125 41 40
118 61 85
76771347 28 55
48 9 75
32930 89 5
51881460594 69 39
113 16 72
202344 47 80
141 94 10
4728129 32 27
41 43 26
10 71 28
2 69 93
43 93 39
3807602 71 50
1080 37 41
9102 92 82
9 67 5
6 1 41
61 39 33
9 79 1
40 23 84
7518415749096 11 31
89 98 92
89309348231826 72 66
49432366883011 51 17
44810235500479 44 91
199569478263 58 11
62 36 81
81378 59 15
6099305 92 3
49028477200000 36 31
3 44 51
149 54 73
15 47 8
117 26 9
26 95 94
8083419 10 3
9925 35 7
76433 89 76
11683049487 42 90
674828851 70 62
120222707237 25 63
54 47 72
5588165127327 13 60
86831147940121 66 37
54 56 18
12 12 45
77 79 45
68253 60 5
74 11 21
747552 92 84
3 74 36
53 60 92
9094 78 50
79596 82 13
52 96 17
196199953755532 76 19
61 83 63
730665906330687 50 100
528933993 10 69
75 26 53
125 33 6
149 65 15
8 17 32
37 43 74
5014643328150 66 43
501217921564125 1 14
53 13 44
5329 12 49
134 21 69
43 81 32
86226800436037 12 80
10 64 63
386148376 70 81
46580 20 71
3304487064 32 57
5514019 28 54
4397757411 46 86
47685854978431 93 25
89 29 89
38 60 17
18 75 76
6667028284915 1 95
61 55 54
38 93 21
72 19 8
416633013 73 96
106 65 84
111 59 41
81 65 32
78 15 15
49 69 38
75 86 8
1 50 71
65 24 35
66729578702500 38 63
57 90 84
2384 12 49
30 45 51
9976244037 66 67
106 64 53
137 1 94
298213 65 45
84 58 95
97 79 14
73889120411567 84 13
2622811839782 100 100
49486 74 31
1153931123 65 54
94 22 26
8450367 53 14
37 72 34
999589 53 17
846539618 39 58
84094 73 63
44 93 98
779425377786 69 28
807605751297477 48 100
1120112 78 69
434575049057121 46 1
93 41 76
144 46 11
77 1 78
59099634 56 93
777271197385189 66 39
97 99 38
147 41 22
20476798 97 84
20 62 55
8514314981142 84 94
66 23 12
21 58 65
87 26 15
13 27 44
25 49 69
125 47 79
8077984806 91 21
54 44 90
135 12 25
9590 4 33
9102 6 82
57 83 40
148 71 51
25151989932216 82 26
615446590044094 43 0
91 37 47
99 13 78
119 79 82
114 32 71
593805173590 47 72
19 31 6
136 9 72
243941607246221 42 26
4 75 23
922014016050671 13 13
3 14 36
149 76 7
7 12 95
53 61 84
58529331075 42 62
237610 47 27
134 56 58
8879 48 96
121 23 52
144 87 64
37273044881719 96 14
5 73 1
17 33 92
123 26 58
126 80 6
77 21 55
64 49 48
42535296372 9 92
337363742 58 76
30056399323 98 2
49 71 72
6 69 95
100 31 20
854788509637 52 1
63 79 49
64 77 44
98033460758 98 12
20 51 65
38 12 78
133 46 72
21 6 8
114 83 86
60 43 18
11 30 19
6 7 83
883522348627915 44 0
31 88 91
880 55 32
47 96 51
100 14 78
3 84 68
360777566 29 30
120 99 6
129 8 10
135 30 4
90705252466105 36 27
457173108612 82 30
330873833266 92 75
43 54 81
107 39 17
38562141275549 4 20
131 93 27
3529 19 20
80702009007065 69 41
72 55 86
67 40 94
481785 72 27
9178636 41 79
61 94 51
127 10 47
147 77 28
291667 35 75
94 20 16
97 8 49
147 20 75
4879890359371 86 12
38 23 27
68 59 85
57 97 47
40 48 10
303548457 40 74
86825 1 69
140 24 7
52584695900802 33 68
2522240682 9 6
895835699 83 38
491 28 14
67 73 49
6 2 64
87 74 81
593810588 23 65
6290104 76 20
26904323328 26 41
77753 100 0
9509 7 65
4446492904 95 33
124 98 48
7781851 96 2
5867931315427 39 98
901018963 7 53
2368894542428 33 40
8 83 47
391 1 28
1317 33 24
974224 73 21
47 39 56
364620943905394 76 100
46 23 19
41749 75 7
103 41 15
2669940533296 95 6
329043825380912 61 15
48 1 63
6 48 46
8140 9 68
889780116407 68 50
21 72 51
121 89 89
10 87 21
5 23 76
62 38 31
10 39 18
94 86 54
46430885250161 19 20
998407533337 38 9
484634307476116 76 41
50387268964541 99 48
5462110116440 71 45
75 12 39
141 2 96
188 83 20
22 18 85
1833779115966 95 99
118 26 68
15 43 19
144 29 1
232 46 37
24 11 31
8433 24 88
33 41 73
25 49 82
100 47 36
512755222053 36 31
60977152 50 27
25 20 7
83 88 9
14635899714534 93 95
92 85 70
66565140 93 5
19 90 53
17 75 64
29 12 54
63975232562 58 23
34906650938 96 41
614976373452481 69 46
69 49 66
608957439 26 17
4087809 14 51
50459541225055 43 91
73 62 21
45 98 34
595165 22 25
248102474 73 70
143 92 21
25 56 26
136 96 82
106 67 50
149 15 16
116 58 91
5873499 54 48
89 66 79
2 74 69
8246570426015 29 22
634 53 17
85839674224 73 39
489123964 36 10
133 9 59
131448 17 15
53332 81 47
13428671 57 61
425469829858046 83 43
80071359 3 8
85 56 38
334126961634 41 67
28198891 40 68
41211274735 89 20
9589475639709 26 7
111 39 52
92876583 87 98
99036409 73 73
45 65 63
136 1 16
80 90 8
1 19 59
1 4 0
9102281927 14 29
81 54 10
69 81 96
147 36 24
59 3 60
897675480399487 32 0
131 70 17
49 70 73
612178 40 8
1 58 80
56754 91 74
331698619 91 22
976 97 89
928 6 82
96017722327 72 82
46997070547 82 77
7 3 9
17 65 29
92 10 79
118 50 63
119615015598 24 61
463476 5 48
124 78 91
15 35 91
71 11 7
606369 5 45
88 84 30
96 41 45
584104492 87 33
83 75 13
600 2 76
45232126 45 69
27 55 51
195484227401318 62 57
551679648190715 76 26
18492547 55 42
39 22 51
75 77 29
49 38 80
64 94 4
126 63 38
66 9 11
39106262800 76 47
35 45 5
5435131550241 37 49
78 69 68
77633770528 97 25
37542 83 87
58706622081 30 62
974556166127147 14 0
9081628090539 24 25
77 63 27
800596781 88 21
5408254430736 1 73
117 1 68
982072 2 22
771798080 26 33
82388 95 61
147 84 16
177961788 60 34
761257592078293 80 85
11 8 46
847 78 83
86272593201 19 81
352680516167523 86 68
107 90 59
4228966236598 1 20
104 2 59
114 16 43
85 17 99
5 4 31
80 39 89
30 56 12
430405165980224 91 100
54 22 85
18 95 34
4204354491 5 94
3693100592 1 28
2150224673468 90 48
4 56 65
293266 10 91
4937412992227 94 25
19 65 39
85660007223 21 49
22 6 68
9 91 70
87484300039140 8 36
177990367 75 53
68 9 49
71 80 22
135 44 57
8506304 41 95
24 6 95
49 86 2
18 1 48
28 10 8
58155032135399 36 25
116 1 46
809960207219132 85 0
2 50 41
2 25 49
124 5 20
14 63 16
120 77 15
114995811799773 62 35
74 76 13
145 86 35
92156678951764 78 75
1184708060352 42 89
82706155306853 79 3
1888955 48 82
73 32 50
26 9 60
22 29 20
5 10 6
8 27 20
131 14 41
40 41 14
10 62 76
4 26 74
23 47 78
109 6 73
6 13 59
7 47 33
74 57 95
95799335 88 19
120587783 86 35
472726756548 39 81
864797367829942 35 0
99 45 34
128 78 1
70 85 95
66976855579 6 74
118 26 38
2543 33 98
31 99 31
834132356980 73 43
116 7 27
791370 63 7
545825271624 29 5
61758078759910 36 98
141 60 3
133 74 35
54 10 29
3849846 63 22
67671149252 68 36
59 41 68
129 87 25
7 49 50
109 46 27
216344847 91 1
46078484969423 66 93
855569916103 70 86
769 79 95
8904 54 19
11342935089 75 42
41 98 88
577292765856437 4 29
540402538485 33 33
319138684615 90 97
88 12 15
97402447775 73 75
31 41 36
98391464823 17 63
122 38 77
109 89 82
28091896991 37 61
3937990129 9 86
14338845440630 80 43
13 70 90
60 76 46
87 77 85
77887021419912 87 69
99 30 89
448134665 34 85
1 81 43
120754 97 42
51 78 71
20 58 70
710497074988085 70 2
463 24 41
49 39 18
19 56 99
3 49 90
198 91 10
70706 43 37
51 34 99
41 65 65
97587802489025 63 82
147 49 28
8642769 23 97
78 35 39
29 69 91
357031257582981 52 25
91041839688627 52 93
60 41 23
71 13 97
923 51 20
20 13 20
139 45 96
12043684686 24 64
93 90 20
5791337 7 9
143 42 33
16 64 96
108 67 40
121 77 99
105 74 10
55 60 76
3 57 65
46 48 24
71869525586605 48 36
2652146 14 82
8 35 39
873085720851298 68 85
31 1 98
60202977573507 74 33
74 55 61
3 25 4
106 58 69
162391002 55 17
45473967 2 73
849134725347 67 53
4688 49 51
149 27 58
9 38 51
38900052511322 25 65
77 4 21
1663388 97 91
129 28 48
73 80 66
634845479751761 76 0
729489964372 99 71
468266 93 92
20 95 92
37203965 49 88
7449985106533 80 52
28 6 65
107012698172 90 60
43120063690443 99 44
41 43 89
506511078 17 26
18 14 23
220059239 13 99
86 3 34
37543613293 7 92
93 6 81
485821088571161 50 0
8347307233 50 13
84846261217992 48 65
109 42 2
1308581 98 23
16 2 83
8363925037668 11 35
118 81 68
584931905378 3 21
91 99 71
103 18 24
29455680 39 96
5 72 54
28 45 98
41 84 85
7084647379740 72 23
119 9 23
139 54 84
964666671327003 71 86
42353241 13 78
537696752828031 14 30
32 87 29
93 83 12
114 93 22
56 43 87
67 27 68
86758 15 24
37 55 69
38385237701 94 6
1180 49 62
9525 54 88
130 41 33
486813 38 11
130 13 43
66 74 75
77940300962 43 9
97 91 52
30368197218045 55 0
62 90 41
4 42 79
3861599937 20 6
566295959316132 86 0
9418400 20 15
120 71 26
5 40 6
27 22 42
141 15 72
418415256634 67 24
676279883784358 90 5
250085 99 60
30 97 53
583643940845 64 95
126 69 71
1719636670 32 65
130 11 77
125438743753634 35 100
58 98 40
725829441317417 44 77
5997997204400 40 45
92 63 79
85 10 9
140120274 85 66
63 28 55
127 62 9
4838642436063 7 42
81896180 61 61
75 35 97
9195168364 47 94
42 55 89
93 62 11
80 32 54
57 98 15
69 13 45
75 44 63
131 38 86
96 74 61
145 90 17
116 58 45
64 91 25
144 42 80
79 91 71
127 75 53
3 62 33
57681428 1 26
34 22 57
20 93 62
42 12 69
97 47 96
110 94 42
117 59 55
912382415338895 14 0
5108008453 51 30
147 58 51
72584486 58 20
57 43 49
59 8 37
619865770683 36 63
797687143201 36 70
9375594 44 36
2160809141807 22 73
114 56 12
64 57 12
10 72 2
54 9 25
53 99 46
23 48 15
65 56 31
64278947 65 46
126 26 17
24 49 32
122 40 31
25758779883648 73 30
7 91 3
308066695980 21 13
62 86 73
5977150019 76 6
2999253 82 59
15 70 11
74 47 45
45 31 87
724325321276770 5 17
86194698177 83 18
114693842 77 54
2940 32 20
48570820692 69 96
23390841918927 89 77
9 14 45
29 74 18
2058 92 65
127 67 17
554659 43 74
125 2 84
786867774023762 88 0
143 11 57
26 28 93
7 98 86
118 96 61
361492256 66 90
44498 97 65
141 21 71
83460 4 13
88 52 95
79400015 82 58
93 95 72
41 28 40
65067 99 10
120 19 78
63 10 61
12 91 48
7852323775 88 1
742858 3 31
116 21 16
55013337076 6 35
962130 69 44
10 56 92
40521216604384 76 99
86 11 2
178979721727868 65 48
26 96 24
14 68 69
8795 46 96
801051007605 29 7
110 1 78
80 43 63
45051861095455 56 87
68789881143653 55 63
126 62 13
10 40 71
409565298 81 83
104 41 74
93 36 8
10214201416646 61 21
17 8 26
80663704705956 72 39
51 43 49
317794 45 69
9013205 56 34
81 87 64
10 39 85
90334 12 4
99 66 43
51 66 86
19693669289187 60 63
28 81 95
7583814 26 89
471361632312 89 51
9677430948 61 41
135 57 7
121 25 92
47 36 88
67 88 52
47 14 78
2541704 71 8
3 35 60
1000000000000000 77 32
77 99 93
9916309139078 51 58
8383429 99 22
33 49 82
60 97 96
80 21 18
794157416589 22 70
96 57 98
25 52 73
50 83 93
144 91 32
1 50 41
99 85 76
4098299 6 59
121 34 94
310843072790 52 93
134 62 18
73 92 16
9729118656479 93 53
40 87 58
7 84 33
137 80 79
110 87 81
80 56 81
51 26 9
1 18 32
150 25 53
40 93 48
6378450552680 83 80
100360775831772 6 77
74 72 22
81 53 92
25972357663520 16 55
4086 85 33
119 79 97
13 46 49
12 84 30
859551 7 47
99305980832 60 12
45 14 3
124 49 2
992473620779 10 69
808369211 77 56
6 94 51
83 68 29
110 39 76
868486232 27 29
78 52 94
111 98 76
93 16 42
9 38 89
720877195134841 29 66
19 17 53
5 12 40
147 12 80
6287642391388 18 31
34033123456437 86 92
47914202185 81 60
5832699 14 80
136 28 31
9530 57 22
920381 34 37
38 5 95
83747388396 59 61
59 40 44
926575 26 43
224005292 88 78
70 18 16
54 19 12
936 77 50
8 8 4
92499165 17 68
120 65 1
124 17 87
7 53 21
101 60 22
102 35 57
66 99 44
131 77 96
99024653 33 39
8619 67 8
38 83 77
69 85 41
100 23 33
32 75 2
88 50 55
40 90 19
91 64 84
53 63 51
6 61 17
60 24 28
35 91 57
56860325642 37 50
51 81 75
2 62 84
60 46 74
17697919051061 49 4
97569237053407 10 100
1 71 62
357754246195003 5 87
90 39 17
7 46 34
1 31 32
368 63 60
7443 32 48
100 81 79
5491 82 1
5226067422 88 32
389194 66 17
986860157822728 83 73
3 20 14
4879478 45 3
3 23 89
53 6 92
113 83 57
940548578 45 78
84 34 23
37 3 61
7559363190404 87 57
5 90 62
126 9 46
10532325356 60 19
150 58 72
34938585751 16 69
812 40 8
40 84 91
7857603 95 82
209 6 24
8 10 72
6310939 57 56
69 12 91
43 78 59
6 66 43
959053336 44 61
88058024698 90 76
4 60 24
63 8 64
67 91 33
354148591 33 24
41 96 56
19150352199604 22 42
30 53 44
19044602525 91 95
27 75 28
1518975 49 15
143 22 80
1117587173969 53 93
8233792 73 72
137 90 24
7 59 4
665 92 70
19941031 83 50
35 2 67
33 38 92
6 76 77
401046582062645 95 37
58266369473 63 45
8954502945150 28 46
21 60 8
39 62 25
34 6 26
4041962296 94 13
50 34 36
185297 88 64
3375156440 67 36
91539422 42 29
46 14 16
665 39 18
92 1 42
146 34 29
118 30 61
7776164 56 8
116 91 67
16 6 76
66998450407397 98 75
30998138096766 29 29
8959182942 0 0
530891471413093 46 46
3 25 8
39 42 74
521145260839051 79 20
915 88 20
121 74 43
99974160323294 42 79
117 66 47
42477514319240 56 84
3014 96 95
146 84 1
94211024333 93 17
3944985102461 72 94
3807355 10 13
583371 50 83
137 52 2
145 38 86
740 29 55
521205120 11 5
37058319 56 25
97498607619 8 90
17 45 10
16 48 7
92 15 28
72667257 33 76
103 2 62
144 64 31
20 36 69
53 1 7
865672 61 28
1800000121290 32 43
93945 51 98
105 35 82
90266 17 72
432827241266 25 68
54688937 52 6
4330679742 79 68
73 71 35
61 12 9
56 99 92
2907775442035 69 30
135 61 29
4442919950210 70 9
61 49 54
26 23 40
650607084730724 51 78
8 5 79
65 36 19
145 25 28
105 74 86
39645995 82 9
50 21 75
804179174421 24 43
114 33 49
114 25 75
19452296126234 27 91
8 28 47
23 88 66
69 68 55
73406875 35 60
60374491515945 94 81
116 31 73
57 78 94
64 61 93
5 23 39
341702151257057 68 100
835250405714422 43 100
98 41 69
61 69 93
147 27 94
9169209019 47 79
2019433 65 18
78781052216099 32 6
36 18 78
536 84 20
135 96 5
942757906 13 36
193664027114063 77 5
26 34 53
2026580 66 8
14893996 19 5
358859571601 29 47
4 76 21
6388492 98 77
650156199 3 10
126 45 47
33 52 71
4 17 19
7 59 87
10 90 52
15 57 21
116 14 33
46745 48 36
117 65 9
42 6 57
83 87 2
4 97 3
775607724 38 92
762054 76 98
2 96 79
103 8 36
138 4 4
36 70 31
54228835306 72 55
97035 82 64
30 99 32
86480787 5 52
41 97 39
59685230 35 82
125 83 23
105 48 3
88178969158778 92 31
138 44 76
26 44 23
3983811458 61 42
254773233209 58 71
46518018734 65 70
3144676621980 23 46
36 31 78
24 35 26
79901963975212 41 3
107 77 58
7 33 11
228445 43 77
11 90 42
864525646567 61 6
1975 93 99
6004846690736 58 5
9129375243905 20 78
112 45 17
129 94 28
7247 25 20
112 86 30
33 89 70
661097 74 30
43464146788267 7 77
9 85 47
930239394276 52 24
99890522989208 98 70
6 23 73
92357996358 70 54
17 73 12
130 71 73
48 39 85
9182022757 27 29
86 24 4
132 28 26
104 33 63
22 13 19
2898 85 83
3516819402 12 79
287090 19 79
9925157063317 71 4
10 69 79
17 33 60
3 57 57
80 59 46
72 46 60
145 77 79
102 80 43
954385 96 76
115 68 7
986191087388 66 74
563 3 49
8273462374526 71 97
139 14 88
134 51 11
130 94 53
46708292995567 24 77
58 45 84
112 89 51
32 34 62
113 14 54
8 77 66
130 72 35
308800590899817 71 93
4603807 3 5
22 67 46
636992007767 74 38
97 20 73
95062224173 77 23
75 25 92
3623 42 71
225 32 70
565097638961662 10 47
80 80 36
108 65 2
861972968454201 98 13
80 90 47
88 32 15
38 82 50
24 93 81
378169605963165 12 100
67 81 43
92 30 31
27 98 56
8198567 82 66
6289 88 14
101 76 48
57 84 86
60566751293 86 22
40735448524177 94 55
66 81 85
8 10 71
14 61 55
363145180 48 21
140 83 84
13 63 13
149 50 78
785241599 83 66
97 59 37
145 93 70
142 39 98
589576 34 94
8036718321156 76 28
17 85 46
276250299645 96 22
68 10 36
861615289 41 15
9118 68 32
12 54 25
87 36 20
25 21 9
95 29 83
12 84 58
84 39 70
88 86 47
119 99 75
574004773677133 13 100
308944499169614 75 100
34 65 15
7679190 38 12
86420 84 96
109 69 98
2326838966564 34 84
623725133 54 7
330570554054 32 18
48 27 62
1198593312 99 86
5601566 38 60
62 37 63
87125 84 83
146 96 5
7344848 95 25
681031020114 26 32
5689 50 35
137 24 31
168 11 62
814139475251940 40 0
3 16 75
5982 49 5
43 1 37
38 16 2
15 24 67
29 68 35
25 4 21
19 26 23
9542365 22 65
134 81 11
96 93 18
144 67 3
40 41 57
6541 26 27
116 28 12
2267122587142 21 99
11 98 54
84070613996654 55 56
70 98 23
134 99 82
995856879507058 48 47
456 42 39
513 84 80
540674937 68 67
9459 75 50
63 32 20
107 31 42
145 82 66
33102936535 20 84
136 93 8
51 61 89
49 11 22
62 58 11
145 11 81
27 99 32
36 64 42
125 42 78
1233469338231 42 5
69 29 43
55 1 60
127 41 35
115 54 91
94 3 24
2976376 47 99
495064 68 80
9793 5 46
36 40 95
76 86 21
132 43 3
147 97 66
148 69 52
113 57 13
111 10 67
4278647 13 91
26 18 94
13 1 39
4650 20 16
269991370550254 88 57
91531167 63 43
496 81 79
284284424376829 49 56
111 69 3
879 6 51
9312 47 29
22 47 23
149 71 99
54 63 78
87 24 35
42 99 4
94 93 91
27 37 16
77 11 17
25 8 18
553443377 80 72
59666 42 24
2638044918615 21 8
21 16 16
107 34 98
27 61 54
60 6 94
18632711775 88 67
116 69 95
732 1 28
4450521722 25 38
8767807793779 42 91
69 37 68
135 83 66
66 34 33
85 35 82
75 2 96
136 4 74
79 19 14
54 3 75
7 83 9
143 7 88
55 21 55
7 5 23
44262948702802 2 1
20 64 20
3 32 47
779 42 96
6806888111 2 41
7 83 7
72 74 37
90 24 68
134 21 72
35 57 79
2980 36 48
149 80 88
5413009596452 22 1
8 76 63
727 77 85
994057618733922 19 95
120 84 8
142 71 38
967 24 39
94 18 10
994971967575038 62 27
74242899960 78 30
779871 24 58
44516890262 63 54
105 80 2
1408 88 83
120 61 7
128 66 95
921857953278648 26 33
19 44 59
772 23 60
46 80 30
39 9 54
23 72 37
10 96 77
4749385553 42 64
892681 3 58
8 57 69
76905627 61 71
261290896331 40 19
10 81 38
1 31 55
80 60 36
44 59 63
509 68 99
47234 97 93
37 92 45
143 9 74
10 86 56
69346330 8 30
28556699840 29 83
122394759356682 44 0
36664520 48 25
86 93 36
15 25 69
125 44 5
3 80 41
78021786901 34 60
3 20 64
106 55 22
33 33 46
37 96 34
26218 30 45
103 56 15
10 64 90
17 85 78
11 65 20
33892544036 40 51
127 2 46
276 30 47
149 1 95
139 41 64
9 39 50
38721789656 74 48
94745239501 57 64
5 99 77
951288 99 80
3 52 18
80219013533530 69 15
112 36 51
422769465033827 9 60
81 36 50
141 29 12
80 79 80
670 6 40
64 84 9
146 74 27
323749953200548 61 100
111 85 94
2319733 38 13
250517 57 61
16 5 92
5 17 86
