100
1 1 0
10 87 39
1 0 0
6 20 68
2 60 3
6 25 38
8 25 42
1 76 67
10 29 55
1 39 100
10 4 88
10 55 26
3 2 73
5 6 79
1 0 100
7 9 37
3 88 4
9 18 63
4 80 14
10 54 43
4 25 40
2 20 16
10 85 86
2 50 77
8 64 36
10 70 67
3 100 100
2 38 7
2 75 69
5 97 42
3 57 68
8 20 52
8 99 56
10 72 75
1 50 54
8 81 68
2 10 92
2 25 55
5 75 9
4 91 8
10 9 98
4 42 53
7 25 16
7 90 84
2 25 47
9 47 25
4 67 85
3 58 33
9 41 51
8 38 24
1 23 65
10 30 64
4 45 92
2 50 44
1 63 45
10 96 11
8 70 49
4 47 55
3 63 21
7 84 99
1 50 35
10 58 80
3 75 26
9 21 95
4 25 94
7 41 42
3 81 50
2 50 11
10 31 56
3 100 0
9 13 91
4 17 57
10 65 54
10 16 29
3 50 94
8 50 100
10 41 67
4 85 98
10 56 28
10 18 2
1 64 96
5 26 13
10 30 9
1 59 40
8 9 28
6 71 27
8 54 25
7 30 33
5 20 93
10 86 100
9 10 62
5 54 49
7 67 6
6 23 21
4 50 0
5 94 69
8 73 94
10 15 60
2 8 95
1 50 29
