100
10 0 100
10 73 61
7 41 88
4 72 84
4 3 36
9 41 80
7 72 52
3 77 98
4 16 82
8 10 18
6 90 72
3 25 90
5 31 6
10 45 75
3 39 76
5 42 95
8 80 31
10 69 5
3 25 64
9 100 0
7 63 76
8 32 72
4 75 44
10 26 48
10 70 44
7 49 1
5 18 27
10 77 30
6 12 82
7 61 53
10 46 79
7 58 79
10 98 73
2 24 83
5 37 9
3 58 84
4 25 51
1 50 85
7 4 68
5 50 100
3 77 99
6 19 65
2 50 21
2 50 52
5 75 51
4 68 77
2 20 18
5 53 13
5 0 0
4 3 5
10 32 16
6 71 58
10 95 82
4 15 5
10 49 98
3 44 83
6 60 64
2 67 93
2 31 20
8 80 17
10 55 57
10 70 42
2 35 21
3 83 56
1 50 60
3 75 2
8 78 79
1 44 100
10 16 89
5 50 0
6 7 48
2 20 9
2 87 50
9 57 57
3 16 40
10 90 45
8 58 89
7 8 87
1 24 83
8 17 56
4 60 41
10 90 9
10 63 60
5 10 61
2 28 8
10 27 11
3 22 9
10 52 85
6 20 24
5 48 26
2 50 6
5 68 98
10 95 62
1 64 0
4 69 13
1 50 29
8 40 72
10 76 0
2 100 100
3 68 99
