100
10 43 32
10 66 37
9 70 56
10 84 1
10 61 18
9 38 21
7 47 58
3 34 43
7 25 25
10 5 35
1 87 14
8 77 62
2 50 100
7 30 74
7 98 53
3 95 8
2 58 9
1 50 27
6 13 27
7 100 100
2 25 32
3 94 50
6 75 37
7 26 26
5 4 36
8 60 13
2 73 82
9 35 42
1 50 34
8 4 67
10 11 0
3 64 83
10 0 100
1 73 100
8 22 47
10 44 7
2 3 40
10 95 3
2 79 64
4 0 0
10 61 25
10 48 43
7 78 90
7 100 0
5 66 48
2 60 51
8 17 40
8 56 87
10 30 8
10 30 35
10 70 51
9 29 75
4 61 54
2 50 71
1 54 58
9 85 5
1 50 54
6 69 4
2 50 35
6 75 7
2 20 80
8 60 35
1 56 0
5 50 0
7 70 26
1 25 55
5 69 87
2 25 92
7 2 67
5 70 40
1 84 37
10 87 58
10 96 25
8 56 62
10 58 10
2 80 96
4 37 25
6 76 27
7 31 91
1 69 3
2 2 50
9 86 27
1 8 45
4 25 5
2 50 24
2 75 62
6 72 8
8 80 78
8 7 73
6 15 56
1 50 95
6 5 52
10 55 85
2 44 60
10 89 69
8 20 81
10 82 36
9 39 62
1 95 7
5 62 4
