100
5 13 61
9 71 95
5 90 52
6 90 68
7 17 98
6 81 80
10 10 7
1 50 33
9 80 79
1 36 100
10 23 13
3 34 63
5 0 100
9 74 41
10 30 69
7 3 41
7 94 87
1 55 22
10 62 74
8 2 96
1 11 59
5 75 72
2 50 16
1 50 57
3 75 94
3 20 53
6 63 75
10 18 96
4 75 72
10 4 73
5 15 85
9 55 67
2 50 52
10 6 53
1 7 96
10 48 9
10 90 26
4 98 93
3 68 98
10 36 69
9 15 30
6 74 28
10 78 85
3 100 100
1 50 22
8 8 67
4 80 1
3 23 57
5 12 40
4 74 28
10 8 91
10 34 44
1 93 74
2 35 95
2 75 85
6 68 60
8 20 39
1 95 36
9 51 30
9 12 41
3 13 39
7 28 88
10 14 0
6 38 44
2 16 43
7 78 69
6 75 15
2 50 12
10 49 47
1 42 0
10 17 57
1 77 28
5 80 89
5 18 20
10 0 0
10 15 7
1 54 72
4 38 47
10 45 13
10 99 75
10 79 24
6 41 25
7 80 9
2 75 83
2 50 0
4 66 47
3 53 52
3 100 0
9 15 32
5 75 47
3 62 65
10 85 40
10 37 43
2 27 11
3 60 85
3 78 18
5 50 100
10 85 48
9 10 14
6 40 58
