100
3 32 63
4 31 6
9 61 21
2 63 60
3 51 83
10 17 63
7 37 46
10 72 11
2 17 75
1 50 68
3 100 0
10 72 84
5 47 71
2 84 14
8 45 50
6 20 3
2 50 16
3 61 34
5 25 59
10 83 98
1 33 0
2 46 56
3 80 46
7 40 39
7 30 57
7 81 48
3 3 70
10 55 63
1 60 100
7 89 80
7 2 87
10 90 61
8 10 24
10 86 93
1 50 24
3 20 53
2 50 0
2 97 61
9 70 64
9 90 2
6 14 97
8 20 19
2 80 83
1 50 70
2 50 86
6 53 57
3 88 44
9 91 84
1 60 58
4 72 44
1 13 35
4 51 17
2 75 38
4 75 56
9 0 100
10 63 67
7 24 58
10 6 7
8 19 22
8 100 100
2 25 61
5 34 51
10 65 97
9 53 97
4 75 84
6 20 50
9 43 11
2 23 35
1 86 57
10 94 100
10 64 16
2 50 59
1 35 75
3 73 91
3 89 32
10 90 45
10 38 61
8 0 0
3 41 12
10 14 7
5 53 79
8 70 6
10 70 78
1 45 49
4 40 67
10 30 71
8 50 100
8 89 70
1 26 57
10 95 7
10 49 73
6 49 77
7 57 8
3 75 83
10 82 83
8 69 83
3 59 6
5 76 40
7 41 18
6 77 45
