100
2 75 28
4 75 50
8 10 34
10 95 91
10 15 77
4 25 77
2 11 52
6 34 63
10 50 100
7 42 1
3 20 67
10 90 47
10 22 64
3 75 28
7 80 43
10 10 5
5 10 77
1 64 100
6 96 37
7 80 44
9 26 45
7 69 32
10 66 37
2 50 47
6 58 95
5 59 53
5 55 16
9 22 92
3 4 91
7 28 88
10 73 78
4 91 79
1 33 79
9 98 56
6 30 32
1 29 21
4 21 71
7 23 14
6 61 98
8 90 96
7 73 87
4 80 59
10 95 59
10 100 100
10 90 97
8 1 85
3 75 10
10 33 100
1 90 0
5 75 43
10 5 38
10 64 94
1 6 76
10 74 94
1 48 17
8 27 14
4 93 36
9 0 100
5 58 87
10 25 34
9 36 5
10 28 89
2 51 57
6 50 0
3 65 88
7 60 85
8 81 13
10 29 2
7 64 7
2 39 71
1 50 84
7 63 52
6 86 78
5 13 77
4 48 46
10 23 55
2 50 1
5 52 84
1 50 77
1 1 54
8 22 91
2 59 21
10 43 67
2 100 0
7 0 0
10 9 35
2 80 1
10 72 10
10 55 42
10 34 19
6 49 18
4 60 73
2 50 2
10 24 21
4 65 39
10 33 4
1 50 16
4 85 4
5 26 79
10 90 29
