100
10 70 18
4 17 51
9 79 94
7 40 46
8 38 41
2 1 51
9 46 77
4 23 2
10 74 0
1 39 77
8 26 44
8 50 0
1 79 78
7 97 23
6 90 13
10 85 26
9 0 0
10 14 22
10 70 70
2 92 99
3 20 28
5 15 10
4 20 96
10 73 50
10 39 47
5 7 27
8 33 94
10 22 85
1 50 61
2 50 26
1 45 0
6 9 8
1 50 21
10 35 28
9 90 96
4 70 70
3 60 69
2 61 65
4 66 14
1 62 75
10 30 29
8 80 74
6 90 28
9 29 34
10 70 70
5 27 60
7 13 50
1 64 89
10 56 80
4 100 100
3 25 64
4 65 21
3 50 100
5 95 13
6 53 74
3 75 7
10 97 6
6 46 12
8 69 27
10 15 6
10 49 15
5 66 86
6 39 19
6 40 25
10 35 92
10 85 48
2 75 63
6 65 22
8 1 27
4 75 91
10 72 77
7 28 40
1 50 15
10 57 98
10 38 44
2 50 4
3 21 59
6 0 100
2 50 11
10 72 27
7 7 92
10 86 77
5 25 29
10 74 76
6 27 25
9 79 74
6 10 48
3 47 91
6 51 41
4 22 54
9 24 78
3 2 92
10 54 26
9 100 0
2 44 79
1 33 100
10 61 79
1 61 48
6 40 19
5 75 93
