100
7 30 84
10 10 87
1 17 71
10 72 76
4 51 40
10 5 13
10 30 37
6 40 74
7 56 46
7 80 96
2 50 71
3 14 57
6 79 61
3 67 20
7 70 53
10 32 22
1 10 0
1 6 62
6 80 2
8 53 65
7 38 96
3 0 0
2 50 61
6 81 30
5 17 27
3 9 47
9 72 18
3 75 66
2 28 65
10 70 7
10 64 85
3 75 29
8 38 11
10 7 65
6 0 100
10 20 100
2 77 58
8 16 9
2 75 59
1 22 55
6 75 21
1 53 100
4 9 80
2 100 0
8 10 25
10 90 15
10 5 73
10 33 56
7 50 0
2 64 13
3 50 100
2 31 11
4 72 8
10 73 56
6 21 79
2 80 36
8 90 89
10 2 96
10 27 59
1 56 36
8 73 84
4 3 35
3 100 100
3 60 92
1 82 36
10 5 37
3 75 98
10 27 91
4 8 95
10 69 40
6 25 65
4 60 47
1 50 92
10 3 63
7 92 33
2 6 84
1 42 42
6 53 64
10 14 72
10 2 62
1 50 41
5 62 99
8 26 80
5 89 22
2 50 88
10 92 84
10 21 19
5 79 49
7 74 21
2 53 53
2 58 50
1 41 86
1 62 61
5 89 76
5 41 10
4 45 14
1 43 47
4 25 43
4 95 68
1 50 12
