100
3 8
5 6 9 4 8 2 1 7
3 1
2
3 10
2 4 8 16 32 64 100 100 100 100
3 10
1 4 4 4 4 4 4 4 4 4
100 1
100
3 5
11 20 60 22 100
2 10
100 100 100 100 100 100 100 100 100 100
3 5
100 100 100 100 100
3 4
1 6 12 49
2 6
9 64 19 16 81 80
1 10
100 100 100 100 100 100 100 100 100 100
1 10
1 1 1 1 1 1 1 1 1 1
4 3
48 15 6
6 6
76 1 28 1 71 30
2 4
40 79 9 24
1 2
77 25
2 8
5 60 6 4 62 7 1 81
17 9
19 23 16 14 97 11 3 49 20
1 6
1 59 18 58 20 62
1 1
3
12 9
39 17 88 1 51 5 74 35 2
1 6
11 1 1 5 79 97
13 2
40 22
1 7
26 9 1 79 11 16 1
21 2
47 19
1 1
69
18 7
3 15 60 1 4 92 31
5 8
56 41 1 74 65 42 51 62
20 6
73 6 6 1 95 18
9 1
2
18 2
91 95
11 1
1
21 4
45 2 71 28
14 1
52
10 2
49 4
1 9
2 49 15 66 78 2 94 18 47
24 1
1
22 6
53 10 87 1 79 9
9 3
98 30 32
2 7
12 5 14 31 12 61 24
5 2
19 9
8 2
3 54
6 7
48 17 12 1 47 39 1
1 9
1 54 61 60 5 78 27 2 17
9 8
87 80 40 26 7 16 16 3
1 3
1 45 11
3 5
95 9 25 72 77
1 1
13
18 9
65 35 83 10 81 1 2 6 63
8 3
69 16 27
8 8
2 1 27 91 10 13 23 17
4 2
15 74
8 1
1
3 9
29 48 1 74 41 40 2 26 21
7 8
78 88 49 4 4 10 89 78
25 8
79 18 96 47 1 93 49 78
3 6
64 74 66 5 18 22
10 1
30
14 4
55 12 80 62
3 9
11 32 9 74 67 52 27 6 30
9 9
8 77 85 74 9 81 10 52 3
5 7
1 88 9 45 99 84 64
7 6
20 61 19 7 18 72
1 3
14 70 25
2 9
16 78 46 8 91 12 10 72 3
10 5
57 72 2 60 2
2 9
35 2 36 9 1 38 3 28 71
7 8
7 80 17 8 48 25 2 32
13 1
19
6 2
12 67
2 4
55 1 14 36
15 1
1
5 7
56 3 81 5 6 10 73
22 7
35 1 36 56 5 11 16
19 8
68 45 45 1 7 23 2 2
3 4
1 6 55 24
7 1
8
18 4
15 91 15 6
3 5
99 3 5 4 6
19 5
24 15 6 17 57
18 8
83 11 71 2 3 3 36 6
18 7
17 15 64 12 92 38 4
7 6
1 39 6 44 2 1
13 5
1 5 88 74 2
1 5
95 18 47 45 99
4 8
3 1 2 1 56 15 81 12
9 9
5 82 6 31 20 43 58 34 19
4 9
2 77 80 1 21 27 22 1 89
10 2
99 66
7 8
20 77 2 48 36 67 6 95
18 4
6 1 6 28
1 6
38 42 28 72 33 15
2 2
17 1
21 3
3 1 26
1 7
88 17 43 40 68 15 2
21 9
40 14 33 11 12 54 66 8 34
3 9
91 70 6 3 2 8 1 8 2
5 3
19 29 1
1 5
9 1 86 60 1
1 8
12 54 18 6 12 40 9 2
