100
3 8
5 6 9 4 8 2 1 7
3 1
2
3 10
2 4 8 16 32 64 100 100 100 100
3 10
1 4 4 4 4 4 4 4 4 4
100 1
100
3 5
11 20 60 22 100
2 10
100 100 100 100 100 100 100 100 100 100
3 5
100 100 100 100 100
3 4
1 6 12 49
2 6
9 64 19 16 81 80
1 10
100 100 100 100 100 100 100 100 100 100
1 10
1 1 1 1 1 1 1 1 1 1
1 7
58 12 57 6 12 12 6
7 3
41 82 5
18 8
7 5 67 68 4 59 37 86
2 8
1 49 17 55 22 7 26 4
13 9
13 1 6 3 3 87 6 4 51
7 3
61 98 46
6 6
5 2 54 45 2 15
1 6
16 10 68 5 6 51
3 1
32
14 3
30 3 9
8 7
13 16 66 1 45 11 4
9 6
18 4 4 19 11 48
9 8
36 8 64 89 37 4 35 31
20 2
29 83
11 3
1 1 16
4 9
49 16 10 3 26 3 39 63 40
2 8
4 41 13 89 74 51 71 5
1 5
23 32 5 3 2
18 1
53
1 5
59 10 9 76 18
17 9
60 1 3 32 29 19 4 29 13
8 7
70 3 1 66 2 1 73
4 3
12 18 2
4 5
75 29 2 47 36
9 8
4 3 6 23 45 3 1 1
14 8
6 63 5 44 60 70 27 22
2 7
42 72 51 32 47 1 68
11 6
79 3 82 1 68 63
14 2
69 1
20 8
52 12 30 11 24 23 50 1
20 5
21 85 16 59 3
11 7
24 60 36 86 22 10 4
3 1
13
10 6
1 1 57 2 21 52
20 9
10 30 18 3 46 55 1 61 13
23 4
18 11 94 12
18 7
14 62 1 93 98 62 2
23 6
1 58 1 36 79 94
19 4
1 63 77 16
1 5
11 71 5 71 93
6 8
28 36 1 69 7 58 43 4
24 4
3 6 87 2
14 5
46 30 54 73 7
8 4
19 1 72 54
8 2
15 88
6 3
17 14 5
15 6
25 14 3 51 52 10
15 5
59 99 22 3 55
6 6
24 33 98 75 1 41
24 9
84 57 32 12 17 1 48 92 30
3 8
3 42 1 33 1 4 27 20
2 8
8 33 41 88 6 71 37 47
24 7
77 59 79 2 18 65 25
17 2
1 2
1 4
2 2 26 3
20 1
12
24 3
68 85 96
6 8
12 60 67 1 13 37 53 60
1 7
87 17 22 96 5 69 69
3 4
69 3 18 28
8 3
10 45 63
2 1
58
1 9
25 34 7 1 77 41 6 97 9
3 1
53
5 2
99 59
24 3
4 61 50
1 5
59 26 3 1 13
1 8
62 50 99 37 85 8 2 48
21 3
3 26 34
5 9
29 1 83 76 59 65 13 25 19
10 9
9 33 99 71 16 42 8 14 46
2 5
17 8 90 2 88
1 7
3 5 1 1 1 78 41
12 5
13 60 2 1 1
6 3
23 74 28
19 5
65 27 2 1 13
2 3
57 5 18
9 4
51 33 11 2
2 9
1 86 7 50 69 38 7 12 67
2 1
27
2 2
1 5
20 5
22 14 15 93 10
1 4
23 53 5 1
1 2
8 12
5 8
25 53 3 9 11 31 57 50
9 9
9 2 8 12 5 9 32 99 10
10 3
6 56 45
4 2
32 8
