100
120 584
96 169
1 484
3 104
303 584
241 853
1 121
21 742
243 542
525 636
135 749
566 870
1 1
3 65
343 736
121 221
72 525
134 460
647 876
7 109
1 109
100 1000
8 10
21 485
21 221
143 419
1 742
484 485
362 948
121 484
7 302
21 302
924 994
3 10
1 10
448 600
110 889
95 931
8 122
631 898
8 584
1 5
164 989
1 2
1 1000
1 9
7 10
9 122
9 10
1 65
486 887
482 933
178 896
3 109
1 4
38 354
189 764
9 742
203 726
1 584
104 298
120 121
399 635
10 120
3 302
1 6
247 526
4 302
1 101
4 109
3 6
3 742
891 905
483 584
303 485
441 536
21 484
484 584
122 1000
1 221
3 4
8 65
751 772
122 483
8 221
1 104
7 122
75 187
121 122
106 979
3 5
799 883
128 333
9 121
7 121
21 122
121 742
3 484
410 607
1 122
